0.299804
0.294745
0.289727
0.284766
0.279879
0.275077
0.270372
0.265775
0.261294
0.256935
0.252704
0.248602
0.244631
0.240792
0.237081
0.233498
0.230038
0.226697
0.223471
0.220354
0.217342
0.214428
0.211608
0.208876
0.206227
0.203657
0.201159
0.198731
0.196368
0.194066
0.191822
0.189632
0.187494
0.185403
0.183359
0.181359
0.179400
0.177480
0.175598
0.173752
0.171941
0.170164
0.168418
0.166703
0.165019
0.163363
0.161735
0.160134
0.158560
0.157011
0.155488
0.153989
0.152513
0.151062
0.149632
0.148225
0.146840
0.145476
0.144133
0.142811
0.141508
0.140225
0.138961
0.137717
0.136490
0.135282
0.134092
0.132920
0.131764
0.130626
0.129504
0.128398
0.127308
0.126234
0.125176
0.124132
0.123104
0.122090
0.121090
0.120105
0.119133
0.118175
0.117231
0.116299
0.115381
0.114475
0.113581
0.112700
0.111831
0.110973
0.110128
0.109293
0.108470
0.107658
0.106857
0.106066
0.105286
0.104516
0.103756
0.103007
0.102266
0.101536
0.100815
0.100103
0.099400
0.098707
0.098022
0.097345
0.096678
0.096018
0.095367
0.094724
0.094089
0.093462
0.092842
0.092230
0.091626
0.091029
0.090439
0.089856
0.089280
0.088711
0.088149
0.087593
0.087044
0.086501
0.085965
0.085435
0.084911
0.084393
0.083881
0.083375
0.082874
0.082380
0.081890
0.081407
0.080928
0.080456
0.079988
0.079525
0.079068
0.078615
0.078168
0.077725
0.077287
0.076854
0.076425
0.076001
0.075582
0.075167
0.074756
0.074350
0.073947
0.073549
0.073156
0.072766
0.072380
0.071998
0.071620
0.071246
0.070876
0.070509
0.070146
0.069787
0.069431
0.069079
0.068730
0.068384
0.068042
0.067704
0.067368
0.067036
0.066707
0.066381
0.066058
0.065739
0.065422
0.065108
0.064798
0.064490
0.064185
0.063882
0.063583
0.063286
0.062993
0.062701
0.062413
0.062127
0.061843
0.061562
0.061284
0.061008
0.060735
0.060464
0.060195
0.059929
0.059665
0.059403
0.059144
0.058886
0.058631
0.058379
0.058128
0.057880
0.057633
0.057389
0.057147
0.056906
0.056668
0.056432
0.056197
0.055965
0.055735
0.055506
0.055279
0.055054
0.054831
0.054610
0.054391
0.054173
0.053957
0.053743
0.053530
0.053319
0.053110
0.052902
0.052696
0.052492
0.052289
0.052088
0.051888
0.051690
0.051493
0.051298
0.051104
0.050912
0.050721
0.050532
0.050344
0.050158
0.049972
0.049789
0.049606
0.049425
0.049245
0.049067
0.048890
0.048714
0.048539
0.048366
0.048194
0.048023
0.047853
0.047685
0.047518
0.047352
0.047187
0.047023
0.046860
0.046699
0.046539
0.046379
0.046221
0.046064
0.045908
0.045753
0.045599
0.045446
0.045295
0.045144
0.044994
0.044845
0.044698
0.044551
0.044405
0.044260
0.044116
0.043973
0.043831
0.043690
0.043550
0.043411
0.043273
0.043135
0.042998
0.042863
0.042728
0.042594
0.042461
0.042329
0.042197
0.042066
0.041937
0.041808
0.041679
0.041552
0.041425
0.041300
0.041175
0.041050
0.040927
0.040804
0.040682
0.040561
0.040440
0.040320
0.040201
0.040083
0.039965
0.039848
0.039732
0.039616
0.039501
0.039387
0.039273
0.039161
0.039048
0.038937
0.038826
0.038715
0.038606
0.038497
0.038388
0.038281
0.038173
0.038067
0.037961
0.037856
0.037751
0.037647
0.037543
0.037440
0.037338
0.037236
0.037134
0.037034
0.036934
0.036834
0.036735
0.036636
0.036538
0.036441
0.036344
0.036247
0.036152
0.036056
0.035961
0.035867
0.035773
0.035680
0.035587
0.035495
0.035403
0.035311
0.035220
0.035130
0.035040
0.034950
0.034861
0.034773
0.034685
0.034597
0.034510
0.034423
0.034337
0.034251
0.034166
0.034081
0.033996
0.033912
0.033828
0.033745
0.033662
0.033580
0.033498
0.033416
0.033335
0.033254
0.033174
0.033094
0.033014
0.032935
0.032856
0.032777
0.032699
0.032622
0.032544
0.032467
0.032391
0.032315
0.032239
0.032163
0.032088
0.032013
0.031939
0.031865
0.031791
0.031718
0.031645
0.031572
0.031500
0.031428
0.031356
0.031285
0.031214
0.031143
0.031073
0.031003
0.030933
0.030864
0.030795
0.030726
0.030658
0.030590
0.030522
0.030454
0.030387
0.030320
0.030254
0.030187
0.030121
0.030056
0.029990
0.029925
0.029860
0.029796
0.029732
0.029668
0.029604
0.029541
0.029478
0.029415
0.029352
0.029290
0.029228
0.029166
0.029105
0.029043
0.028982
0.028922
0.028861
0.028801
0.028741
0.028682
0.028622
0.028563
0.028504
0.028445
0.028387
0.028329
0.028271
0.028213
0.028156
0.028099
0.028042
0.027985
0.027928
0.027872
0.027816
0.027760
0.027705
0.027649
0.027594
0.027539
0.027485
0.027430
0.027376
0.027322
0.027268
0.027215
0.027161
0.027108
0.027055
0.027002
0.026950
0.026898
0.026846
0.026794
0.026742
0.026691
0.026639
0.026588
0.026537
0.026487
0.026436
0.026386
0.026336
0.026286
0.026236
0.026187
0.026137
0.026088
0.026039
0.025991
0.025942
0.025894
0.025846
0.025798
0.025750
0.025702
0.025655
0.025607
0.025560
0.025513
0.025467
0.025420
0.025374
0.025327
0.025281
0.025235
0.025190
0.025144
0.025099
0.025054
0.025009
0.024964
0.024919
0.024875
0.024830
0.024786
0.024742
0.024698
0.024654
0.024611
0.024567
0.024524
0.024481
0.024438
0.024395
0.024352
0.024310
0.024268
0.024225
0.024183
0.024142
0.024100
0.024058
0.024017
0.023975
0.023934
0.023893
0.023852
0.023812
0.023771
0.023731
0.023690
0.023650
0.023610
0.023570
0.023531
0.023491
0.023452
0.023412
0.023373
0.023334
0.023295
0.023256
0.023218
0.023179
0.023141
0.023102
0.023064
0.023026
0.022988
0.022951
0.022913
0.022875
0.022838
0.022801
0.022764
0.022727
0.022690
0.022653
0.022616
0.022580
0.022543
0.022507
0.022471
0.022435
0.022399
0.022363
0.022328
0.022292
0.022257
0.022221
0.022186
0.022151
0.022116
0.022081
0.022046
0.022012
0.021977
0.021943
0.021908
0.021874
0.021840
0.021806
0.021772
0.021738
0.021705
0.021671
0.021638
0.021604
0.021571
0.021538
0.021505
0.021472
0.021439
0.021406
0.021374
0.021341
0.021309
0.021276
0.021244
0.021212
0.021180
0.021148
0.021116
0.021085
0.021053
0.021021
0.020990
0.020959
0.020927
0.020896
0.020865
0.020834
0.020803
0.020773
0.020742
0.020711
0.020681
0.020650
0.020620
0.020590
0.020560
0.020530
0.020500
0.020470
0.020440
0.020411
0.020381
0.020351
0.020322
0.020293
0.020263
0.020234
0.020205
0.020176
0.020147
0.020118
0.020090
0.020061
0.020033
0.020004
0.019976
0.019947
0.019919
0.019891
0.019863
0.019835
0.019807
0.019779
0.019751
0.019724
0.019696
0.019669
0.019641
0.019614
0.019587
0.019559
0.019532
0.019505
0.019478
0.019451
0.019424
0.019398
0.019371
0.019344
0.019318
0.019291
0.019265
0.019239
0.019213
0.019186
0.019160
0.019134
0.019108
0.019083
0.019057
0.019031
0.019005
0.018980
0.018954
0.018929
0.018904
0.018878
0.018853
0.018828
0.018803
0.018778
0.018753
0.018728
0.018703
0.018678
0.018654
0.018629
0.018604
0.018580
0.018556
0.018531
0.018507
0.018483
0.018459
0.018434
0.018410
0.018386
0.018363
0.018339
0.018315
0.018291
0.018268
0.018244
0.018220
0.018197
0.018174
0.018150
0.018127
0.018104
0.018081
0.018058
0.018034
0.018012
0.017989
0.017966
0.017943
0.017920
0.017898
0.017875
0.017852
0.017830
0.017807
0.017785
0.017763
0.017740
0.017718
0.017696
0.017674
0.017652
0.017630
0.017608
0.017586
0.017564
0.017542
0.017521
0.017499
0.017477
0.017456
0.017434
0.017413
0.017392
0.017370
0.017349
0.017328
0.017307
0.017285
0.017264
0.017243
0.017222
0.017201
0.017181
0.017160
0.017139
0.017118
0.017098
0.017077
0.017057
0.017036
0.017016
0.016995
0.016975
0.016955
0.016934
0.016914
0.016894
0.016874
0.016854
0.016834
0.016814
0.016794
0.016774
0.016754
0.016734
0.016715
0.016695
0.016675
0.016656
0.016636
0.016617
0.016597
0.016578
0.016559
0.016539
0.016520
0.016501
0.016482
0.016463
0.016444
0.016424
0.016406
0.016387
0.016368
0.016349
0.016330
0.016311
0.016293
0.016274
0.016255
0.016237
0.016218
0.016200
0.016181
0.016163
0.016144
0.016126
0.016108
0.016090
0.016071
0.016053
0.016035
0.016017
0.015999
0.015981
0.015963
0.015945
0.015927
0.015909
0.015892
0.015874
0.015856
0.015838
0.015821
0.015803
0.015786
0.015768
0.015751
0.015733
0.015716
0.015699
0.015681
0.015664
0.015647
0.015630
0.015612
0.015595
0.015578
0.015561
0.015544
0.015527
0.015510
0.015493
0.015477
0.015460
0.015443
0.015426
0.015409
0.015393
0.015376
0.015360
0.015343
0.015327
0.015310
0.015294
0.015277
0.015261
0.015244
0.015228
0.015212
0.015196
0.015179
0.015163
0.015147
0.015131
0.015115
0.015099
0.015083
0.015067
0.015051
0.015035
0.015019
0.015004
0.014988
0.014972
0.014956
0.014941
0.014925
0.014909
0.014894
0.014878
0.014863
0.014847
0.014832
0.014816
0.014801
0.014786
0.014770
0.014755
0.014740
0.014725
0.014709
0.014694
0.014679
0.014664
0.014649
0.014634
0.014619
0.014604
0.014589
0.014574
0.014559
0.014544
0.014529
0.014515
0.014500
0.014485
0.014471
0.014456
0.014441
0.014427
0.014412
0.014397
0.014383
0.014368
0.014354
0.014340
0.014325
0.014311
0.014297
0.014282
0.014268
0.014254
0.014239
0.014225
0.014211
0.014197
0.014183
0.014169
0.014155
0.014141
0.014127
0.014113
0.014099
0.014085
0.014071
0.014057
0.014043
0.014030
0.014016
0.014002
0.013988
0.013975
0.013961
0.013947
0.013934
0.013920
0.013907
0.013893
0.013880
0.013866
0.013853
0.013839
0.013826
0.013813
0.013799
0.013786
0.013773
0.013759
0.013746
0.013733
0.013720
0.013707
0.013693
0.013680
0.013667
0.013654
0.013641
0.013628
0.013615
0.013602
0.013589
0.013576
0.013564
0.013551
0.013538
0.013525
0.013512
0.013499
0.013487
0.013474
0.013461
